18.3006 102.103
140.781 233.273
409.682 515.818
601.975 690.214
714.125 801.489
830.448 913.432
953.495 1032.28
1142.95 1222.79
1241.39 1329.96
1422.97 1488.1
1503.36 1594.88
1606.15 1699.51
1718.08 1787.86
1845.18 1943.29
1964.27 2053.45
2092.05 2196.46
2813.53 2892.47
2940.82 3025.15
3063.87 3141.23
3180.14 3261.77
3290.4 3369.22
3454.02 3534.15
3565.44 3635.99
3673.66 3748.16
3770.38 3856.12
3877.55 3959.34
3983.08 4058.83
4078.19 4155.44
4184.94 4255.3
4302.21 4397.86
4427.69 4476.98
4525.48 4579.29
4636.23 4694.25
4723.69 4797.95
4828.1 4897.14
4990.94 5062.35
