259.932 316.145
142.152 236.911
720.481 803.802
607.037 688.435
952.924 1037.69
833.9 923.313
1245.31 1322.87
1145.43 1229.13
1500.71 1561.42
1424.07 1488.76
1717.58 1798.42
1612.65 1699.91
1967.63 2041.26
1848.53 1944.58
2227.76 2302.31
2087.57 2196.1
3062.97 3148.63
2949.55 3025.85
3289.04 3374.73
3179.76 3263.27
3562.61 3642.38
3454.05 3535.21
3768.04 3855.49
3671.78 3752.19
3976.71 4061.52
3874.41 3957.6
4174.18 4254.39
4073.91 4161.32
4421.23 4497.75
4279.08 4401.06
4625.71 4706.72
4518.98 4593.08
